Grade Comparison
All +5/-2
                   [Y,1]        [Y,2]       [Y,3]         [,4]         [,5]        [-Y,6]         [,7]         [,8]        [-Y,9]        [,10]       [Y,11]       [,12]      [Y,13]       [,14]
W           5.949500e+03 5.925000e+03 4.09800e+03 6367.5000000 7127.0000000  8.861500e+03 7486.5000000 6775.5000000 8524.00000000 7935.0000000 2.014000e+03 7333.000000 3.50950e+03 7362.500000
p           1.704269e-02 1.494773e-02 6.32447e-09    0.1054834    0.8285013  2.839076e-03    0.6567041    0.3854372    0.01826166    0.2026653 5.572244e-22    0.871906 5.78254e-12    0.829241
improvement 1.000000e+00 1.000000e+00 1.00000e+00    1.0000000    1.0000000 -1.000000e+00    1.0000000    1.0000000   -1.00000000    1.0000000 1.000000e+00    1.000000 1.00000e+00    1.000000

White 6+/-2
                   [Y,1]        [Y,2]        [Y,3]         [,4]         [,5]        [-Y,6]         [,7]        [Y,8]        [-Y,9]        [,10]       [Y,11]        [,12]       [Y,13]        [,14]
W           1.724000e+03 1.729000e+03 1.294500e+03 2060.5000000 2391.5000000 2879.00000000 2521.0000000 1.894500e+03 2897.00000000 2543.5000000 5.210000e+02 2269.5000000 9.795000e+02 2138.0000000
p           5.470345e-03 5.765894e-03 4.121171e-06    0.1765996    0.9593505    0.03323452    0.5476426 3.890287e-02    0.02762154    0.4844632 3.155922e-15    0.6435375 2.828362e-09    0.3070875
improvement 1.000000e+00 1.000000e+00 1.000000e+00    1.0000000    1.0000000   -1.00000000    1.0000000 1.000000e+00   -1.00000000    1.0000000 1.000000e+00    1.0000000 1.000000e+00    1.0000000

Asian +4/-0
                   [,1]       [,2]        [Y,3]        [Y,4]        [,5]        [,6]         [,7]        [,8]        [,9]      [,10]       [Y,11]       [,12]       [Y,13]       [,14]
W           135.0000000 131.500000 77.500000000 90.000000000 160.0000000 214.5000000 122.50000000 203.0000000 153.0000000 203.500000 4.200000e+01 177.0000000 70.500000000 177.5000000
p             0.1510305   0.123753  0.002600331  0.007392876   0.4456968   0.4870209   0.07452441   0.7022396   0.3393181   0.692283 7.114337e-05   0.7644851  0.001368838   0.7747078
improvement   1.0000000   1.000000  1.000000000  1.000000000  -1.0000000  -1.0000000   1.00000000   1.0000000   1.0000000   1.000000 1.000000e+00   1.0000000  1.000000000   1.0000000

Other 7+/-1
                   [Y,1]        [Y,2]      [Y,3]       [,4]        [,5]       [-Y,6]       [Y,7]  [,8]       [Y,9]       [Y,10]       [Y,11]      [,12]        [,13]       [,14]
W           47.000000000 49.000000000 64.0000000 105.000000 67.00000000 161.00000000 64.00000000 112.5 56.00000000 162.00000000 1.900000e+01 77.0000000 2.000000e+01 65.50000000
p            0.007203535  0.008974467  0.0475662   0.786022  0.06296646   0.04154468  0.04761595   1.0  0.02032106   0.03854135 1.162705e-04  0.1500609 1.342106e-04  0.05472838
improvement  1.000000000  1.000000000  1.0000000   1.000000  1.00000000  -1.00000000  1.00000000   1.0  1.00000000   1.00000000 1.000000e+00  1.0000000 1.000000e+00  1.00000000