Tallied Survey Responses
Fall '15 Pre
      Strongly Disagree Disagree Neutral Agree Strongly Agree <NA>
Q5_1                 12       50      21    19              3    0
Q5_2                 31       55       5    13              1    0
Q5_3                 10       49      24    19              3    0
Q5_4                  0        6      20    63             16    0
Q5_5                  1        6      15    70             13    0
Q5_6                 55       38       2     7              3    0
Q5_7                  7       25      35    29              9    0
Q5_8                  4        7      30    45             19    0
Q5_9                  2        1      10    40             52    0
Q5_10                 1        7      24    56             17    0
Q5_11                 1        9      12    50             33    0
Q5_12                 1        7      22    54             21    0
Q5_13                 1        6      14    45             39    0
Q5_14                 1        2       5    60             36    1
Q5_15                28       54      12     8              2    1
Q5_16                 0        0      18    78              9    0
Q5_17                 0       11      22    51             21    0
Q5_18                 7       27      24    33             13    1
Q5_19                 0        0       2   103              0    0
Q5_20                25       45      24     8              3    0
Q5_21                37       45      19     3              1    0
Q5_22                38       49      14     2              2    0
Q5_23                66       32       4     1              1    1
Q5_24                62       38       3     1              1    0
Q5_25                50       38      13     3              1    0
Q5_26                 0        0       4    36             65    0
Q6_1                  2        9      12    57             19    6
Q6_2                  1       10      31    39             18    6
Q6_3                  0        1       5    50             43    6
Q6_4                  1        8      26    41             23    6
Q6_5                  1        3      12    55             28    6
Q6_6                  1       15      25    38             20    6
Q6_7                 36       44      11     6              2    6
Q6_8                 28       42      21     6              1    7
Q6_9                 36       50       8     3              1    7
Q6_10                28       42      12    12              4    7
Q6_11                25       44      15    12              3    6
Q6_12                56       32       7     1              3    6
Q6_13                 0        3       7    49             40    6
Q6_14                 1        1      14    42             41    6
Q6_15                 0        1       4    37             57    6
Q6_16                 0        0       9    43             47    6
Q6_17                 1        1      10    46             41    6
Q6_18                 0        1       6    44             48    6
Q6_19                27       36      24     7              4    7
Q6_20                39       29      11    13              7    6
Q6_21                51       39       5     1              3    6
Q6_22                37       27      20    12              3    6
Q6_23                56       37       4     1              1    6
Q6_24                51       37       6     3              1    7
Q6_25                 8        5      13    18             55    6
Q6_26                 2        3       6    23             65    6
Q6_27                 0        2       4    22             71    6
Q6_28                 0        0       7    20             72    6
Q6_29                73       13       6     2              4    7
Q6_30                20       32      20    23              4    6
Q6_31                55       30       9     3              2    6
Q6_32                50       23      14    11              1    6
Q6_33                 0        2       5    48             44    6
Q6_34                 0        0       5    53             41    6
Q6_35                 0        1       4    41             53    6
Q6_36                 0        0       4    39             56    6
Q6_37                 0        4       8    46             41    6
Q6_38                 0        0       7    52             40    6
Q6_39                60       31       5     2              1    6
Q6_40                60       34       2     1              1    7
Q6_41                57       33       5     2              2    6
Q6_42                64       30       3     1              1    6
Q6_43                54       35       4     4              2    6
Q6_44                54       40       1     3              1    6
Q6_45                 1        3      10    47             38    6
Q6_46                 0        3      13    45             38    6
Q6_47                 0        5      16    48             30    6
Q6_48                 1       11      14    43             30    6
Q6_49                 0       11      19    46             23    6
Q6_50                 0        7      18    55             18    7
Q6_51                36       46      10     5              2    6
Q6_52                37       42      13     5              1    7
Q6_53                44       40      10     2              1    8
Q6_54                42       42      10     3              2    6
Q6_55                29       43      16     7              3    7
Q6_56                36       40      12     5              5    7
Q7                   68       20       0     1              0   16
Q8_1                  0        0       6    49             43    7
Q8_2                  6       15      14    44             19    7
Q8_3                  0        0       4    37             57    7
Q8_4                  2        7      28    35             26    7
Q8_5                  0        2       5    49             41    8
Q8_6                  8       12      33    28             16    8
Q8_7                  0        6      14    37             41    7
Q8_8                 10       19      43    19              7    7
Q8_9                 22       28      20    20              8    7
      All of the time Often Sometimes Rarely Never <NA>
Q9_1               23    34        27      7     5    9
Q9_2               13    22        26     21    14    9
Q9_3               10    25        26     20    15    9
Q9_4                9    35        25     15    12    9
Q9_5                3     9        36     35    12   10
Q9_6                2    10        28     42    15    8
Q9_7               16    23        29     17    10   10
Q9_8                9    25        31     15    16    9
Q9_9               10    16        34     18    17   10
Q9_10              17    26        24     16    13    9
Q9_11              15    24        25     18    14    9
Q9_12               7    13        18     28    30    9
Q9_13              10    21        24     18    23    9
Q9_14               6    10        19     19    42    9
Q9_15              20    18        16     20    22    9
Q9_16              12    18        28     21    17    9

Fall '15 Post
          Strongly Disagree Disagree Neutral Agree Strongly Agree <NA>
Post Q5_1                10       11       2     5              0   77
Q5_2__1                  11       16       0     1              0   77
Q5_3__1                  10       10       5     3              0   77
Q5_4__1                   5        6       3    10              4   77
Q5_5__1                   4        8       0    14              2   77
Q5_6__1                   9        6       0     6              7   77
Q5_7__1                   0        6       7     8              6   78
Q5_8__1                   0        4       3    14              6   78
Q5_9__1                   0        0       2    11             14   78
Q5_10__1                  0        1       4    17              5   78
Q5_11__1                  0        2       3     9             13   78
Q5_12__1                  0        3       2    17              5   78
Q5_13__1                  7        4       2     5              9   78
Q5_14__1                  5        3       2    11              6   78
Q5_15__1                 16       10       1     0              0   78
Q5_16__1                  6        3       1    14              3   78
Q5_17__1                  4        6       3    12              2   78
Q5_18__1                  9        8       7     2              1   78
Q5_19__1                  0        0       2    21              4   78
Q5_20__1                  3        8       3     9              4   78
Q5_21__1                  7        9       0     6              5   78
Q5_22__1                  8        7       3     5              4   78
Q5_23__1                 12        4       2     4              4   79
Q5_24__1                 11        5       1     6              4   78
Q5_25__1                 16        7       1     3              0   78
Q5_26__1                  4        2       3     7             11   78
Q6_1__1                   7        7       2     5              6   78
Q6_2__1                   3        4       7     9              4   78
Q6_3__1                   8        3       1     6              9   78
Q6_4__1                   7        4       4     6              6   78
Q6_5__1                   1        1       6     7             12   78
Q6_6__1                   1        2       4    10             10   78
Q6_7__1                   8        5       4     2              8   78
Q6_8__1                   5        6       4     4              8   78
Q6_9__1                  16        9       2     0              0   78
Q6_10__1                  9        7       4     5              2   78
Q6_11__1                 13       10       1     2              1   78
Q6_12__1                 15        5       3     3              1   78
Q6_13__1                  0        0       2    10             14   79
Q6_14__1                  0        0       2     8             17   78
Q6_15__1                  0        0       0     7             20   78
Q6_16__1                  0        0       2    10             15   78
Q6_17__1                  0        2       3     8             14   78
Q6_18__1                  0        1       0    13             13   78
Q6_19__1                 15        7       3     2              0   78
Q6_20__1                 14        7       5     1              0   78
Q6_21__1                 15       11       1     0              0   78
Q6_22__1                 14        9       3     0              1   78
Q6_23__1                 17       10       0     0              0   78
Q6_24__1                 16       10       1     0              0   78
Q6_25__1                  0        1       2     7             17   78
Q6_26__1                  0        0       3     8             16   78
Q6_27__1                  0        2       0    11             14   78
Q6_28__1                  0        1       1    12             13   78
Q6_29__1                  9        8       0     7              3   78
Q6_30__1                  4        5       5    10              3   78
Q6_31__1                 17        6       4     0              0   78
Q6_32__1                 12       10       2     3              0   78
Q6_33__1                  8        2       1     7              9   78
Q6_34__1                  5        5       2     7              7   79
Q6_35__1                  6        3       2     9              7   78
Q6_36__1                  9        2       0     8              8   78
Q6_37__1                  5        4       0    10              7   79
Q6_38__1                  0        0       1    11             15   78
Q6_39__1                 11        6       1     7              2   78
Q6_40__1                 10        6       0     4              7   78
Q6_41__1                 11        6       3     4              3   78
Q6_42__1                 11        5       1     8              2   78
Q6_43__1                 11        5       3     6              2   78
Q6_44__1                 11        8       3     2              3   78
Q6_45__1                  1        3       4     9             10   78
Q6_46__1                  2        6       3     7              9   78
Q6_47__1                 10        2       1     7              7   78
Q6_48__1                  5        4       4     7              7   78
Q6_49__1                  6        5       4     7              5   78
Q6_50__1                  6        5       3     8              5   78
Q6_51__1                 13        8       3     3              0   78
Q6_52__1                  9        9       6     3              0   78
Q6_53__1                 13        7       5     1              0   79
Q6_54__1                  9       10       4     3              1   78
Q6_55__1                 11       11       3     1              1   78
Q6_56__1                 15        7       2     2              1   78
Q7__1                    17        5       2     2              0   79
Q8_1__1                   5        3       3     6             10   78
Q8_2__1                   6        3       3     9              6   78
Q8_3__1                   7        1       3     7              9   78
Q8_4__1                  10        5       6     3              3   78
Q8_5__1                   7        1       3    11              5   78
Q8_6__1                   4        0      10     1              4   86
Q8_7__1                   7        0       1     7              8   82
Q8_8__1                   8        5       4     3              1   84
Q8_9__1                   5        7       4     2              1   86
         All of the time Often Sometimes Rarely Never <NA>
Q9_1__1               11     3         1      0     2   88
Q9_2__1                4     6         2      3     2   88
Q9_3__1                3     6         4      2     1   89
Q9_4__1                3     4         5      3     1   89
Q9_5__1                3     7         5      0     1   89
Q9_6__1                2     3         8      3     0   89
Q9_7__1                9     3         1      2     1   89
Q9_8__1                2     7         4      2     1   89
Q9_9__1                2     3         6      3     2   89
Q9_10__1               4     5         3      1     3   89
Q9_11__1               5     0         6      2     3   89
Q9_12__1               7     5         1      2     1   89
Q9_13__1               4     6         2      2     2   89
Q9_14__1               5     3         4      2     2   89
Q9_15__1               7     4         3      1     1   89
Q9_16__1               6     5         3      2     0   89
    
A+	1
A	5
A-	7

B+	4
B	3
B-	3

C+	1
C	3
C-	3

D+	0
D	0
D-	1

F/U	1

Fall '16
      Strongly Disagree Disagree Neutral Agree Strongly Agree <NA>
Q5_1                 14       69      25    16              5    9
Q5_2                 70       49       5     5              0    9
Q5_3                 12       51      39    24              2   10
Q5_4                  0        5       7    89             27   10
Q5_5                  0        1      20    76             31   10
Q5_6                 55       53      14     6              0   10
Q5_7                  4       34      33    47             10   10
Q5_8                  2       11      40    54             21   10
Q5_9                  0        0       6    62             60   10
Q5_10                 0        7      18    70             32   11
Q5_11                 1        3      11    64             50    9
Q5_12                 0        4      20    79             25   10
Q5_13                 0        1      10    70             47   10
Q5_14                 0        1       8    73             46   10
Q5_15                31       61      18    14              4   10
Q5_16                 0        2      11    88             27   10
Q5_17                 2        5      22    66             32   11
Q5_18                 9       42      29    38             10   10
Q5_19                 0        0       2   124              1   11
Q5_20                35       58      21    12              3    9
Q5_21                60       54       6     6              2   10
Q5_22                53       62      10     3              0   10
Q5_23                69       52       5     2              0   10
Q5_24                65       50      10     1              2   10
Q5_25                54       52      14     8              0   10
Q5_26                 1        0       6    42             79   10
Q6_1                  0        6       7    65             30   30
Q6_2                  0        4      18    55             31   30
Q6_3                  0        0       2    57             48   31
Q6_4                  0        3      15    56             34   30
Q6_5                  0        0       7    60             41   30
Q6_6                  1       11      35    36             25   30
Q6_7                 33       54      18     3              0   30
Q6_8                 35       55      13     3              2   30
Q6_9                 43       57       4     3              0   31
Q6_10                29       49      23     7              0   30
Q6_11                29       54      16     7              2   30
Q6_12                68       33       2     3              2   30
Q6_13                 0        1       6    49             52   30
Q6_14                 0        1      11    42             54   30
Q6_15                 0        0       2    43             62   31
Q6_16                 0        2      11    43             52   30
Q6_17                 0        2       9    45             52   30
Q6_18                 0        3       8    43             54   30
Q6_19                24       39      24    13              8   30
Q6_20                33       38      17    11              9   30
Q6_21                44       47      14     2              0   31
Q6_22                34       29      29    12              4   30
Q6_23                60       41       7     0              0   30
Q6_24                50       43      11     3              1   30
Q6_25                 6        1       4    24             73   30
Q6_26                 0        1       3    23             81   30
Q6_27                 1        0       5    22             80   30
Q6_28                 0        0       3    24             81   30
Q6_29                83       20       2     3              0   30
Q6_30                28       20      29    29              2   30
Q6_31                66       27      12     2              1   30
Q6_32                35       41      21     9              2   30
Q6_33                 0        1       6    38             63   30
Q6_34                 0        0       4    45             59   30
Q6_35                 0        0       5    41             62   30
Q6_36                 1        1       2    42             61   31
Q6_37                 0        0       4    48             56   30
Q6_38                 0        2       5    55             46   30
Q6_39                69       32       2     1              4   30
Q6_40                67       36       2     1              2   30
Q6_41                65       38       3     1              1   30
Q6_42                83       21       1     3              0   30
Q6_43                69       28       5     3              3   30
Q6_44                71       30       3     2              2   30
Q6_45                 0        1      10    61             36   30
Q6_46                 1        1       9    60             36   31
Q6_47                 0        3      14    56             35   30
Q6_48                 2        3      13    60             30   30
Q6_49                 2        3      17    60             26   30
Q6_50                 2        7      18    59             22   30
Q6_51                41       51      10     2              3   31
Q6_52                44       49      10     3              2   30
Q6_53                49       45      11     1              1   31
Q6_54                48       46       8     4              1   31
Q6_55                37       48      18     3              2   30
Q6_56                42       46      14     5              1   30
Q7                   83       11       2     0              0   42
Q8_1                  0        2       4    46             48   38
Q8_2                  5        8      10    37             40   38
Q8_3                  1        0       3    35             61   38
Q8_4                  1        5      18    44             32   38
Q8_5                  0        0       2    49             48   39
Q8_6                  5       14      32    30             19   38
Q8_7                  0        2       7    40             51   38
Q8_8                  5       18      44    21             12   38
Q8_9                 15       25      31    22              7   38
      All of the time Often Sometimes Rarely Never <NA>
Q9_1               24    27        22      6    16   43
Q9_2               13    21        30     16    16   42
Q9_3               13    27        26     14    14   44
Q9_4               13    39        21     10    13   42
Q9_5                5    24        26     22    18   43
Q9_6                9    29        29     16    13   42
Q9_7                6    24        23     22    20   43
Q9_8               11    29        24     13    19   42
Q9_9                5    28        26     12    24   43
Q9_10              20    28        21     13    14   42
Q9_11              10    23        21     11    31   42
Q9_12               5    18        14     20    39   42
Q9_13              10    18        25     16    27   42
Q9_14               3    14        16     22    41   42
Q9_15              11    18        18     15    33   43
Q9_16              10    24        22     17    23   42

Fall '16 Post
          Strongly Disagree Disagree Neutral Agree Strongly Agree <NA>
Post Q5_1                 2       18       7     0              1  110
Q5_2__1                  21        4       2     0              1  110
Q5_3__1                   7       14       4     1              2  110
Q5_4__1                   0        0       1    15             12  110
Q5_5__1                   1        0       2    18              7  110
Q5_6__1                  15       10       1     1              1  110
Q5_7__1                   0        5       6    14              3  110
Q5_8__1                   0        1       5    14              8  110
Q5_9__1                   0        0       3    12             13  110
Q5_10__1                  0        0       5    17              6  110
Q5_11__1                  0        0       2    18              8  110
Q5_12__1                  0        0       2    17              9  110
Q5_13__1                  0        0       2    11             15  110
Q5_14__1                  0        0       1    16             11  110
Q5_15__1                  8       17       2     0              1  110
Q5_16__1                  0        0       3    17              8  110
Q5_17__1                  0        3       4    14              7  110
Q5_18__1                  4       11       4     8              1  110
Q5_19__1                  0        0       0    27              1  110
Q5_20__1                 13        8       5     0              2  110
Q5_21__1                 17        8       1     1              1  110
Q5_22__1                 14       10       2     1              1  110
Q5_23__1                 14       11       2     0              1  110
Q5_24__1                 15        9       2     1              1  110
Q5_25__1                 11        7       8     1              1  110
Q5_26__1                  1        0       1     5             21  110
Q6_1__1                   0        0       2    13             11  112
Q6_2__1                   0        0       1    17              8  112
Q6_3__1                   0        0       0    11             14  113
Q6_4__1                   0        0       1    16              9  112
Q6_5__1                   0        0       2    10             14  112
Q6_6__1                   0        0       2    16              8  112
Q6_7__1                  14        9       1     1              1  112
Q6_8__1                  10       13       1     1              1  112
Q6_9__1                  14       10       1     0              1  112
Q6_10__1                 11       11       3     0              1  112
Q6_11__1                 12       12       0     1              1  112
Q6_12__1                 19        5       1     1              0  112
Q6_13__1                  0        0       4     8             14  112
Q6_14__1                  0        2       1     6             17  112
Q6_15__1                  0        0       1     6             19  112
Q6_16__1                  0        0       1    10             15  112
Q6_17__1                  0        0       1    10             15  112
Q6_18__1                  0        1       2     9             14  112
Q6_19__1                  7        7       7     5              0  112
Q6_20__1                 10        8       4     2              2  112
Q6_21__1                  7       13       4     2              0  112
Q6_22__1                  4        7      11     3              1  112
Q6_23__1                 12       10       1     2              1  112
Q6_24__1                 11       10       3     1              1  112
Q6_25__1                  0        0       2     3             21  112
Q6_26__1                  0        1       0     3             22  112
Q6_27__1                  0        0       2     3             21  112
Q6_28__1                  0        0       0     4             22  112
Q6_29__1                 20        4       1     0              1  112
Q6_30__1                  5        6       5     8              2  112
Q6_31__1                 15        6       3     1              1  112
Q6_32__1                  9        7       3     6              1  112
Q6_33__1                  0        0       1     6             19  112
Q6_34__1                  0        0       0    11             15  112
Q6_35__1                  0        0       1     9             16  112
Q6_36__1                  0        0       1     6             19  112
Q6_37__1                  0        0       0     7             18  113
Q6_38__1                  0        0       0     9             17  112
Q6_39__1                 20        4       0     1              1  112
Q6_40__1                 18        5       0     0              3  112
Q6_41__1                 20        4       0     1              1  112
Q6_42__1                 22        2       0     0              1  113
Q6_43__1                 15        5       2     2              2  112
Q6_44__1                 21        3       0     2              0  112
Q6_45__1                  0        0       1     6             19  112
Q6_46__1                  0        0       0     6             19  113
Q6_47__1                  0        0       0    15             11  112
Q6_48__1                  0        1       1    11             13  112
Q6_49__1                  0        2       2    10             12  112
Q6_50__1                  0        2       7    10              7  112
Q6_51__1                 14       10       0     0              2  112
Q6_52__1                 15        8       0     2              1  112
Q6_53__1                 20        2       2     1              1  112
Q6_54__1                 16        7       1     1              1  112
Q6_55__1                 12       10       1     2              1  112
Q6_56__1                 16        5       1     2              2  112
Q7__1                    23        3       0     0              0  112
Q8_1__1                   0        1       0     6             20  111
Q8_2__1                   2        2       1     8             14  111
Q8_3__1                   0        0       2     7             18  111
Q8_4__1                   1        1       4     9             12  111
Q8_5__1                   0        0       2    10             15  111
Q8_6__1                   0        1      10    10              6  111
Q8_7__1                   0        0       5     9             13  111
Q8_8__1                   1        6      13     4              3  111
Q8_9__1                   3        4       7     9              4  111
         All of the time Often Sometimes Rarely Never <NA>
Q9_1__1               20     3         0      1     2  112
Q9_2__1                8    11         4      0     3  112
Q9_3__1                5    15         2      1     3  112
Q9_4__1                9    13         1      0     3  112
Q9_5__1                9     4         4      5     4  112
Q9_6__1                4     7         6      4     5  112
Q9_7__1               13     2         3      4     4  112
Q9_8__1                5     7         7      3     4  112
Q9_9__1                6     9         6      2     3  112
Q9_10__1               9     6         5      3     3  112
Q9_11__1               6    11         4      2     3  112
Q9_12__1              11     3         4      0     8  112
Q9_13__1               8    11         4      0     3  112
Q9_14__1              11     4         2      2     7  112
Q9_15__1              14     3         3      2     4  112
Q9_16__1              13     5         1      0     7  112

A+	8
A	12
A-	10

B+	9
B	1
B-	1

C+	3
C	1
C-	0

D+	0
D	0
D-	1

F/U	0